                 Generalized Linear Model Regression Results                  
==============================================================================
Dep. Variable:               main_aqi   No. Observations:                33340
Model:                         GLMGam   Df Residuals:                 33280.00
Model Family:                Gaussian   Df Model:                        59.00
Link Function:               Identity   Scale:                        0.072289
Method:                         PIRLS   Log-Likelihood:                -3483.9
Date:                Wed, 17 Dec 2025   Deviance:                       2405.8
Time:                        20:26:39   Pearson chi2:                 2.41e+03
No. Iterations:                     3   Pseudo R-squ. (CS):             0.9779
Covariance Type:            nonrobust                                         
=======================================================================================
                          coef    std err          z      P>|z|      [0.025      0.975]
---------------------------------------------------------------------------------------
const                   0.8141      0.137      5.957      0.000       0.546       1.082
components_co_s0        0.2863      0.030      9.513      0.000       0.227       0.345
components_co_s1        0.2584      0.025     10.247      0.000       0.209       0.308
components_co_s2        1.0438      0.145      7.175      0.000       0.759       1.329
components_co_s3        3.4914      1.042      3.349      0.001       1.448       5.534
components_co_s4        4.3515      2.906      1.497      0.134      -1.344      10.047
components_no_s0        0.0674      0.136      0.496      0.620      -0.199       0.333
components_no_s1        0.0472      0.135      0.350      0.727      -0.217       0.312
components_no_s2       -0.1120      0.146     -0.767      0.443      -0.398       0.174
components_no_s3       -0.1757      0.566     -0.310      0.756      -1.286       0.935
components_no_s4        0.9871      0.814      1.212      0.225      -0.609       2.583
components_no2_s0      -0.0802      0.018     -4.360      0.000      -0.116      -0.044
components_no2_s1      -0.1157      0.017     -6.788      0.000      -0.149      -0.082
components_no2_s2      -0.0056      0.086     -0.064      0.949      -0.175       0.164
components_no2_s3      -0.1059      0.315     -0.336      0.737      -0.724       0.512
components_no2_s4      -1.0000      0.886     -1.128      0.259      -2.737       0.737
components_o3_s0        0.4654      0.020     22.747      0.000       0.425       0.506
components_o3_s1       -0.4747      0.016    -30.003      0.000      -0.506      -0.444
components_o3_s2        2.0131      0.029     68.975      0.000       1.956       2.070
components_o3_s3        1.3932      0.076     18.326      0.000       1.244       1.542
components_o3_s4        1.0493      0.141      7.442      0.000       0.773       1.326
components_so2_s0      -0.1008      0.018     -5.527      0.000      -0.137      -0.065
components_so2_s1      -0.0416      0.017     -2.501      0.012      -0.074      -0.009
components_so2_s2      -0.2838      0.055     -5.183      0.000      -0.391      -0.176
components_so2_s3      -0.7124      0.223     -3.193      0.001      -1.150      -0.275
components_so2_s4      -0.4546      0.682     -0.667      0.505      -1.791       0.882
components_nh3_s0       0.0147      0.013      1.115      0.265      -0.011       0.040
components_nh3_s1      -0.0190      0.012     -1.618      0.106      -0.042       0.004
components_nh3_s2       0.0293      0.040      0.741      0.459      -0.048       0.107
components_nh3_s3       0.1941      0.077      2.517      0.012       0.043       0.345
components_nh3_s4      -0.0748      0.119     -0.627      0.531      -0.308       0.159
components_pm2_5_s0    -0.0667      0.045     -1.492      0.136      -0.154       0.021
components_pm2_5_s1    -0.2813      0.041     -6.840      0.000      -0.362      -0.201
components_pm2_5_s2     4.5825      0.164     28.025      0.000       4.262       4.903
components_pm2_5_s3     3.6557      0.980      3.730      0.000       1.735       5.577
components_pm2_5_s4    -9.9365      4.965     -2.001      0.045     -19.667      -0.206
components_pm10_s0      0.2692      0.048      5.584      0.000       0.175       0.364
components_pm10_s1      0.1598      0.044      3.640      0.000       0.074       0.246
components_pm10_s2      0.3184      0.139      2.284      0.022       0.045       0.592
components_pm10_s3     -3.1400      0.821     -3.823      0.000      -4.750      -1.530
components_pm10_s4     10.0327      3.631      2.763      0.006       2.915      17.150
coord_lon_s0           -0.0506      0.014     -3.706      0.000      -0.077      -0.024
coord_lon_s1            0.0383      0.013      3.003      0.003       0.013       0.063
coord_lon_s2           -0.0337      0.011     -3.053      0.002      -0.055      -0.012
coord_lon_s3            0.0028      0.011      0.252      0.801      -0.019       0.024
coord_lon_s4           -0.0539      0.011     -4.836      0.000      -0.076      -0.032
coord_lon_s0           -0.0506      0.014     -3.706      0.000      -0.077      -0.024
coord_lon_s1            0.0383      0.013      3.003      0.003       0.013       0.063
coord_lon_s2           -0.0337      0.011     -3.053      0.002      -0.055      -0.012
coord_lon_s3            0.0028      0.011      0.252      0.801      -0.019       0.024
coord_lon_s4           -0.0539      0.011     -4.836      0.000      -0.076      -0.032
coord_lat_s0            0.0325      0.010      3.417      0.001       0.014       0.051
coord_lat_s1           -0.0704      0.007     -9.883      0.000      -0.084      -0.056
coord_lat_s2            0.1009      0.011      9.551      0.000       0.080       0.122
coord_lat_s3           -0.0179      0.009     -1.898      0.058      -0.036       0.001
coord_lat_s4            0.0291      0.009      3.078      0.002       0.011       0.048
coord_lat_s0            0.0325      0.010      3.417      0.001       0.014       0.051
coord_lat_s1           -0.0704      0.007     -9.883      0.000      -0.084      -0.056
coord_lat_s2            0.1009      0.011      9.551      0.000       0.080       0.122
coord_lat_s3           -0.0179      0.009     -1.898      0.058      -0.036       0.001
coord_lat_s4            0.0291      0.009      3.078      0.002       0.011       0.048
hour_s0                -0.0072      0.011     -0.658      0.510      -0.029       0.014
hour_s1                 0.0179      0.011      1.612      0.107      -0.004       0.040
hour_s2                -0.0290      0.016     -1.849      0.064      -0.060       0.002
hour_s3                 0.0035      0.011      0.333      0.739      -0.017       0.024
hour_s4                -0.0081      0.009     -0.873      0.383      -0.026       0.010
month_s0                     0          0        nan        nan           0           0
month_s1                     0          0        nan        nan           0           0
month_s2                     0          0        nan        nan           0           0
month_s3                     0          0        nan        nan           0           0
month_s4                     0          0        nan        nan           0           0
dayofweek_s0           -0.0026      0.010     -0.263      0.793      -0.022       0.017
dayofweek_s1            0.0261      0.014      1.849      0.065      -0.002       0.054
dayofweek_s2           -0.0218      0.015     -1.482      0.138      -0.051       0.007
dayofweek_s3            0.0265      0.013      2.047      0.041       0.001       0.052
dayofweek_s4            0.0068      0.005      1.337      0.181      -0.003       0.017
=======================================================================================